line
0 0 0 80 0 0
line
80 0 0 80 80 0
line
80 80 0 0 80 0
line
0 80 0 0 0 0
line
20 65 0 25 65 0
line
25 65 0 25 70 0
line
25 70 0 20 70 0
line
20 70 0 20 65 0
line
35 60 0 45 60 0
line
45 60 0 45 65 0
line
45 65 0 35 65 0
line
35 65 0 35 60 0
line
60 65 0 70 65 0
line
70 65 0 70 70 0
line
70 70 0 60 70 0
line
60 70 0 60 65 0
line
15 45 0 40 45 0
line
40 45 0 40 50 0
line
40 50 0 35 50 0
line
35 50 0 35 55 0
line
35 55 0 25 55 0
line
25 55 0 25 50 0
line
25 50 0 15 50 0
line
15 50 0 15 45 0
line
50 45 0 60 45 0
line
60 45 0 60 55 0
line
60 55 0 50 55 0
line
50 55 0 50 45 0
line
5 35 0 15 35 0
line
15 35 0 15 40 0
line
15 40 0 5 40 0
line
5 40 0 5 35 0
line
20 25 0 25 25 0
line
25 25 0 25 30 0
line
25 30 0 20 30 0
line
20 30 0 20 25 0
line
35 30 0 55 30 0
line
55 30 0 55 35 0
line
55 35 0 50 35 0
line
50 35 0 50 40 0
line
50 40 0 40 40 0
line
40 40 0 40 35 0
line
40 35 0 35 35 0
line
35 35 0 35 30 0
line
40 15 0 45 15 0
line
45 15 0 45 10 0
line
45 10 0 55 10 0
line
55 10 0 55 15 0
line
55 15 0 70 15 0
line
70 15 0 70 20 0
line
70 20 0 65 20 0
line
65 20 0 65 25 0
line
65 25 0 55 25 0
line
55 25 0 55 20 0
line
55 20 0 40 20 0
line
40 20 0 40 15 0
line
15 10 0 25 10 0
line
25 10 0 25 15 0
line
25 15 0 15 15 0
line
15 15 0 15 10 0

line
80 0 0 80 80 0
line
80 80 0 80 80 80
line
80 80 80 80 0 80
line
80 0 80 80 0 0
line
80 10 20 80 10 60
line
80 20 20 80 20 60
line
80 30 20 80 30 60
line
80 40 20 80 40 60
line
80 50 20 80 50 60
line
80 60 20 80 60 60
line
80 70 20 80 70 60

line
0 80 0 80 80 0
line
80 80 0 80 80 80
line
80 80 80 0 80 80
line
0 80 80 0 80 0
line
10 80 20 10 80 60
line
20 80 20 20 80 60
line
30 80 20 30 80 60
line
40 80 20 40 80 60
line
50 80 20 50 80 60
line
60 80 20 60 80 60
line
70 80 20 70 80 60

ident
scale
2 2 2
apply
ident
move
150 200 0
apply
ident
rotate
z -5
rotate
x -10
rotate
y 15
apply
display
save
pic
